1 0.310156 0.846875 0.185938 0.272917
0 0.184375 0.928125 0.109375 0.143750
0 0.328125 0.482292 0.146875 0.156250
0 0.318750 0.279167 0.184375 0.220833
0 0.121875 0.114583 0.168750 0.204167
0 0.067187 0.070833 0.128125 0.137500
0 0.550781 0.135417 0.173437 0.245833
0 0.929688 0.393750 0.140625 0.212500
0 0.714844 0.575000 0.120313 0.137500
0 0.842969 0.597917 0.151562 0.162500
0 0.940625 0.625000 0.118750 0.187500
0 0.078906 0.320833 0.129688 0.200000
0 0.031250 0.459375 0.059375 0.218750
0 0.860156 0.215625 0.176563 0.247917
2 0.773438 0.500000 0.046875 0.045833
