2 0.301563 0.259375 0.240625 0.322917
0 0.107031 0.419792 0.107813 0.172917
0 0.358594 0.556250 0.123438 0.145833
0 0.368750 0.682292 0.146875 0.197917
0 0.571875 0.867708 0.165625 0.227083
0 0.517969 0.370833 0.139063 0.245833
0 0.150781 0.086458 0.148438 0.152083
0 0.704688 0.283333 0.150000 0.216667
0 0.856250 0.073958 0.159375 0.143750
0 0.559375 0.612500 0.153125 0.229167
0 0.933594 0.211458 0.126562 0.214583
0 0.965625 0.936458 0.068750 0.127083
0 0.895312 0.422917 0.156250 0.250000
0 0.097656 0.577083 0.126562 0.183333
0 0.095312 0.848958 0.134375 0.210417
0 0.067969 0.684375 0.132812 0.164583
0 0.183594 0.936458 0.195312 0.127083
0 0.340625 0.045833 0.140625 0.087500
0 0.808594 0.913542 0.157812 0.152083
