1 0.364844 0.288542 0.285938 0.314583
0 0.664062 0.405208 0.140625 0.185417
0 0.065625 0.375000 0.128125 0.229167
0 0.582031 0.306250 0.160938 0.191667
0 0.724219 0.086458 0.154688 0.168750
0 0.891406 0.154167 0.154688 0.254167
2 0.889062 0.568750 0.065625 0.095833
2 0.586719 0.812500 0.042188 0.070833
2 0.551562 0.588542 0.050000 0.077083
0 0.305469 0.519792 0.170313 0.181250
0 0.066406 0.686458 0.129688 0.164583
0 0.676562 0.828125 0.140625 0.189583
2 0.963281 0.933333 0.042188 0.075000
0 0.880469 0.878125 0.142187 0.243750
0 0.353906 0.922917 0.148438 0.150000
0 0.067969 0.835417 0.132812 0.166667
