1 0.630469 0.175000 0.264062 0.304167
0 0.282813 0.172917 0.146875 0.183333
0 0.370312 0.307292 0.165625 0.189583
0 0.422656 0.067708 0.170313 0.131250
0 0.112500 0.078125 0.146875 0.152083
0 0.050781 0.227083 0.098437 0.220833
0 0.141406 0.244792 0.107813 0.193750
0 0.082812 0.577083 0.162500 0.250000
0 0.466406 0.495833 0.142187 0.183333
0 0.556250 0.434375 0.140625 0.172917
0 0.945312 0.270833 0.109375 0.200000
0 0.513281 0.953125 0.104688 0.093750
0 0.453906 0.641667 0.129688 0.141667
0 0.207031 0.807292 0.179688 0.231250
0 0.365625 0.818750 0.128125 0.170833
0 0.271875 0.464583 0.090625 0.104167
0 0.917969 0.676042 0.132812 0.206250
0 0.722656 0.917708 0.154688 0.156250
