1 0.105469 0.542708 0.207813 0.281250
2 0.860938 0.295833 0.071875 0.091667
2 0.508594 0.104167 0.048438 0.058333
2 0.601562 0.059375 0.040625 0.064583
2 0.555469 0.071875 0.054688 0.072917
2 0.667188 0.223958 0.068750 0.081250
2 0.570312 0.238542 0.053125 0.081250
2 0.939844 0.159375 0.032813 0.068750
2 0.504687 0.331250 0.062500 0.100000
2 0.848437 0.192708 0.034375 0.043750
0 0.537500 0.673958 0.131250 0.197917
0 0.667969 0.592708 0.148438 0.181250
0 0.668750 0.412500 0.143750 0.179167
0 0.802344 0.916667 0.167187 0.158333
0 0.836719 0.803125 0.148438 0.143750
0 0.303906 0.353125 0.135937 0.206250
0 0.367969 0.339583 0.117188 0.200000
0 0.357812 0.216667 0.106250 0.158333
0 0.773438 0.182292 0.137500 0.177083
0 0.046094 0.792708 0.089063 0.181250
0 0.605469 0.926042 0.182812 0.147917
0 0.939063 0.533333 0.112500 0.270833
