1 0.638281 0.826042 0.179688 0.231250
2 0.702344 0.450000 0.073438 0.095833
2 0.155469 0.300000 0.051562 0.062500
0 0.710156 0.162500 0.132812 0.195833
0 0.890625 0.205208 0.131250 0.193750
0 0.057031 0.088542 0.104688 0.172917
0 0.147656 0.102083 0.120313 0.170833
0 0.141406 0.691667 0.135937 0.170833
0 0.541406 0.615625 0.129688 0.210417
0 0.431250 0.332292 0.146875 0.185417
0 0.952344 0.637500 0.095312 0.233333
0 0.807031 0.553125 0.164062 0.218750
0 0.867188 0.081250 0.106250 0.116667
0 0.187500 0.906250 0.131250 0.187500
0 0.347656 0.723958 0.148438 0.189583
0 0.317969 0.895833 0.164062 0.200000
0 0.209375 0.470833 0.165625 0.200000
0 0.050000 0.387500 0.096875 0.200000
0 0.296094 0.308333 0.139063 0.141667
