1 0.313281 0.566667 0.257812 0.320833
2 0.554688 0.034375 0.068750 0.064583
2 0.708594 0.457292 0.060937 0.064583
2 0.799219 0.814583 0.045312 0.062500
2 0.126562 0.464583 0.043750 0.075000
2 0.171094 0.414583 0.042188 0.087500
0 0.401562 0.112500 0.131250 0.166667
0 0.638281 0.194792 0.139063 0.252083
0 0.217969 0.854167 0.176563 0.212500
0 0.803125 0.746875 0.162500 0.164583
0 0.874219 0.115625 0.157812 0.222917
0 0.233594 0.052083 0.160938 0.100000
0 0.105469 0.213542 0.207813 0.193750
0 0.650781 0.818750 0.179688 0.254167
0 0.468750 0.777083 0.234375 0.279167
