1 0.228125 0.512500 0.190625 0.291667
0 0.222656 0.184375 0.164062 0.235417
0 0.760938 0.379167 0.175000 0.191667
0 0.093750 0.858333 0.121875 0.179167
0 0.410938 0.055208 0.159375 0.106250
0 0.745313 0.116667 0.134375 0.195833
0 0.969531 0.807292 0.060937 0.181250
0 0.710938 0.855208 0.168750 0.202083
0 0.502344 0.875000 0.160938 0.187500
2 0.726562 0.619792 0.043750 0.072917
0 0.469531 0.296875 0.132812 0.193750
0 0.507031 0.086458 0.126562 0.135417
0 0.578125 0.050000 0.131250 0.095833
0 0.823438 0.038542 0.156250 0.072917
0 0.830469 0.931250 0.117188 0.137500
0 0.300781 0.784375 0.145313 0.160417
