1 0.339062 0.290625 0.175000 0.247917
2 0.279687 0.430208 0.059375 0.077083
2 0.953906 0.240625 0.054688 0.085417
2 0.201563 0.620833 0.062500 0.075000
2 0.185938 0.263542 0.050000 0.085417
0 0.535937 0.250000 0.131250 0.216667
0 0.714063 0.092708 0.134375 0.181250
0 0.881250 0.378125 0.134375 0.185417
0 0.896875 0.517708 0.140625 0.177083
0 0.635156 0.634375 0.139063 0.160417
0 0.937500 0.644792 0.125000 0.189583
0 0.453906 0.679167 0.148438 0.237500
0 0.372656 0.567708 0.198437 0.122917
0 0.245312 0.798958 0.187500 0.202083
0 0.614062 0.870833 0.175000 0.166667
0 0.762500 0.716667 0.159375 0.187500
