1 0.539844 0.796875 0.295312 0.393750
2 0.298438 0.176042 0.065625 0.068750
1 0.037500 0.875000 0.056250 0.075000
1 0.227344 0.664583 0.039062 0.062500
1 0.305469 0.714583 0.057813 0.075000
0 0.172656 0.330208 0.145313 0.193750
0 0.079687 0.240625 0.137500 0.185417
0 0.516406 0.355208 0.148438 0.189583
0 0.817187 0.546875 0.143750 0.214583
0 0.600781 0.092708 0.151562 0.181250
0 0.334375 0.076042 0.112500 0.147917
0 0.110937 0.587500 0.137500 0.200000
0 0.794531 0.393750 0.132812 0.162500
0 0.786719 0.850000 0.185938 0.208333
0 0.721094 0.932292 0.126562 0.135417
0 0.147656 0.934375 0.107813 0.118750
0 0.205469 0.127083 0.126562 0.179167
0 0.735156 0.221875 0.132812 0.256250
