1 0.488281 0.594792 0.201563 0.268750
2 0.592187 0.857292 0.059375 0.081250
2 0.398438 0.756250 0.046875 0.075000
2 0.632031 0.426042 0.045312 0.039583
0 0.705469 0.558333 0.173437 0.200000
0 0.767969 0.101042 0.142187 0.189583
0 0.053125 0.400000 0.103125 0.183333
0 0.321875 0.396875 0.134375 0.197917
0 0.224219 0.804167 0.176563 0.208333
0 0.891406 0.239583 0.123438 0.258333
0 0.582812 0.103125 0.103125 0.185417
0 0.626563 0.727083 0.131250 0.170833
0 0.780469 0.898958 0.151562 0.189583
0 0.429688 0.903125 0.187500 0.189583
0 0.174219 0.132292 0.160938 0.185417
0 0.149219 0.297917 0.148438 0.170833
