1 0.089063 0.540625 0.175000 0.260417
2 0.853125 0.645833 0.059375 0.070833
2 0.989062 0.232292 0.021875 0.089583
0 0.058594 0.063542 0.114062 0.122917
0 0.039844 0.188542 0.076563 0.177083
0 0.439844 0.219792 0.148438 0.172917
0 0.616406 0.067708 0.154688 0.131250
0 0.714063 0.058333 0.137500 0.112500
0 0.076563 0.803125 0.150000 0.197917
0 0.289844 0.629167 0.132812 0.133333
0 0.385937 0.658333 0.115625 0.150000
0 0.835938 0.556250 0.146875 0.195833
0 0.419531 0.928125 0.148438 0.143750
0 0.191406 0.894792 0.139063 0.193750
0 0.835156 0.345833 0.164062 0.212500
0 0.373437 0.821875 0.134375 0.160417
