1 0.200781 0.643750 0.254688 0.366667
0 0.237500 0.311458 0.162500 0.168750
0 0.275000 0.188542 0.175000 0.164583
0 0.492188 0.708333 0.146875 0.191667
0 0.725000 0.759375 0.159375 0.252083
0 0.842187 0.597917 0.159375 0.212500
0 0.949219 0.466667 0.101562 0.241667
0 0.908594 0.213542 0.117188 0.185417
0 0.814063 0.258333 0.140625 0.191667
0 0.485156 0.135417 0.126562 0.170833
0 0.566406 0.148958 0.154688 0.227083
0 0.667188 0.328125 0.175000 0.272917
0 0.582812 0.912500 0.121875 0.141667
0 0.037500 0.591667 0.071875 0.204167
0 0.118750 0.226042 0.203125 0.293750
0 0.410156 0.863542 0.195312 0.243750
0 0.959375 0.715625 0.081250 0.243750
0 0.787500 0.932292 0.140625 0.135417
