1 0.622656 0.128125 0.232813 0.252083
0 0.223438 0.301042 0.165625 0.214583
0 0.399219 0.485417 0.126562 0.208333
0 0.133594 0.752083 0.157812 0.220833
0 0.658594 0.643750 0.151562 0.175000
0 0.575781 0.865625 0.182812 0.202083
0 0.835156 0.777083 0.145313 0.200000
0 0.720313 0.822917 0.168750 0.237500
0 0.955469 0.415625 0.089063 0.222917
0 0.498437 0.360417 0.193750 0.204167
0 0.222656 0.711458 0.114062 0.197917
0 0.248438 0.525000 0.137500 0.204167
0 0.865625 0.098958 0.165625 0.193750
0 0.783594 0.413542 0.135937 0.218750
