1 0.282031 0.685417 0.260937 0.283333
2 0.714844 0.085417 0.085938 0.104167
2 0.749219 0.211458 0.054688 0.068750
2 0.290625 0.933333 0.050000 0.054167
0 0.901563 0.666667 0.150000 0.200000
0 0.439844 0.412500 0.170313 0.241667
2 0.675781 0.227083 0.060937 0.070833
0 0.428906 0.093750 0.170313 0.179167
0 0.095312 0.139583 0.184375 0.208333
0 0.448437 0.955208 0.153125 0.089583
0 0.648438 0.919792 0.212500 0.160417
0 0.261719 0.115625 0.160938 0.210417
0 0.593750 0.087500 0.140625 0.150000
0 0.568750 0.126042 0.112500 0.139583
