1 0.307812 0.591667 0.250000 0.341667
0 0.533594 0.396875 0.129688 0.172917
0 0.792188 0.232292 0.178125 0.193750
0 0.815625 0.412500 0.143750 0.204167
0 0.755469 0.461458 0.142187 0.185417
0 0.673438 0.627083 0.153125 0.195833
0 0.945312 0.885417 0.109375 0.195833
0 0.066406 0.776042 0.129688 0.185417
2 0.156250 0.963542 0.050000 0.072917
2 0.265625 0.035417 0.050000 0.058333
2 0.644531 0.448958 0.057813 0.077083
0 0.144531 0.428125 0.129688 0.181250
0 0.085938 0.517708 0.143750 0.185417
0 0.507031 0.917708 0.167187 0.164583
0 0.531250 0.138542 0.162500 0.189583
0 0.088281 0.170833 0.132812 0.262500
0 0.242188 0.833333 0.156250 0.187500
0 0.395313 0.038542 0.143750 0.072917
0 0.720313 0.885417 0.212500 0.229167
