1 0.583594 0.834375 0.210938 0.239583
2 0.589063 0.664583 0.068750 0.083333
0 0.624219 0.505208 0.164062 0.177083
2 0.421875 0.216667 0.059375 0.058333
0 0.098437 0.713542 0.134375 0.185417
0 0.462500 0.468750 0.115625 0.183333
0 0.438281 0.094792 0.145313 0.185417
0 0.134375 0.094792 0.131250 0.177083
0 0.962500 0.102083 0.075000 0.129167
0 0.035937 0.591667 0.068750 0.175000
0 0.025781 0.744792 0.048438 0.197917
0 0.290625 0.668750 0.146875 0.179167
0 0.266406 0.718750 0.117188 0.166667
0 0.460156 0.654167 0.139063 0.166667
