1 0.311719 0.435417 0.185938 0.200000
1 0.570312 0.892708 0.221875 0.214583
2 0.669531 0.228125 0.060937 0.064583
2 0.560937 0.264583 0.053125 0.062500
2 0.204687 0.561458 0.068750 0.102083
2 0.425781 0.837500 0.085938 0.104167
0 0.899219 0.919792 0.151562 0.160417
0 0.957812 0.748958 0.084375 0.197917
0 0.875000 0.493750 0.134375 0.154167
0 0.903906 0.621875 0.154688 0.177083
0 0.140625 0.090625 0.162500 0.172917
0 0.146094 0.242708 0.139063 0.172917
0 0.615625 0.425000 0.140625 0.179167
0 0.712500 0.571875 0.168750 0.172917
0 0.700781 0.459375 0.114062 0.122917
0 0.180469 0.813542 0.195312 0.247917
0 0.357812 0.590625 0.131250 0.156250
