1 0.374219 0.409375 0.217188 0.297917
0 0.303125 0.805208 0.159375 0.235417
0 0.777344 0.276042 0.135937 0.152083
0 0.924219 0.285417 0.123438 0.158333
0 0.731250 0.890625 0.137500 0.210417
0 0.610156 0.606250 0.114062 0.183333
0 0.641406 0.440625 0.114062 0.164583
0 0.957031 0.716667 0.085938 0.175000
0 0.101562 0.556250 0.121875 0.179167
2 0.179688 0.720833 0.050000 0.062500
2 0.014063 0.515625 0.025000 0.064583
0 0.892969 0.934375 0.123438 0.131250
0 0.582812 0.377083 0.118750 0.195833
0 0.099219 0.071875 0.126562 0.139583
0 0.761719 0.033333 0.139063 0.062500
0 0.710156 0.719792 0.114062 0.189583
