1 0.414844 0.258333 0.332813 0.433333
2 0.496875 0.820833 0.056250 0.066667
2 0.257812 0.027083 0.056250 0.050000
0 0.738281 0.850000 0.157812 0.158333
0 0.499219 0.929167 0.148438 0.141667
0 0.628125 0.137500 0.131250 0.195833
0 0.220312 0.735417 0.134375 0.150000
0 0.228906 0.579167 0.135937 0.179167
0 0.107031 0.417708 0.135937 0.193750
0 0.048438 0.267708 0.093750 0.156250
0 0.763281 0.072917 0.132812 0.141667
0 0.946875 0.404167 0.106250 0.233333
0 0.932031 0.200000 0.135937 0.179167
0 0.463281 0.669792 0.132812 0.127083
0 0.372656 0.694792 0.132812 0.156250
0 0.649219 0.516667 0.164062 0.233333
