0 0.270313 0.070833 0.140625 0.137500
0 0.047656 0.108333 0.085938 0.145833
0 0.057813 0.029167 0.106250 0.054167
0 0.062500 0.479167 0.121875 0.179167
0 0.096875 0.722917 0.150000 0.237500
0 0.300781 0.376042 0.129688 0.202083
0 0.427344 0.467708 0.126562 0.189583
0 0.332031 0.571875 0.154688 0.206250
0 0.213281 0.600000 0.117188 0.158333
0 0.240625 0.437500 0.178125 0.158333
0 0.399219 0.752083 0.132812 0.187500
0 0.594531 0.712500 0.142187 0.191667
0 0.683594 0.443750 0.148438 0.200000
0 0.941406 0.486458 0.117188 0.218750
0 0.901563 0.593750 0.118750 0.170833
0 0.837500 0.494792 0.115625 0.160417
0 0.703125 0.257292 0.153125 0.197917
0 0.803125 0.663542 0.140625 0.218750
0 0.518750 0.819792 0.165625 0.210417
0 0.040625 0.332292 0.078125 0.185417
0 0.295312 0.931250 0.150000 0.137500
0 0.939844 0.094792 0.120313 0.185417
