1 0.319531 0.385417 0.248438 0.345833
2 0.475000 0.019792 0.056250 0.035417
2 0.162500 0.917708 0.046875 0.072917
0 0.671094 0.397917 0.145313 0.158333
0 0.846094 0.512500 0.107813 0.166667
0 0.878125 0.708333 0.106250 0.137500
0 0.971875 0.444792 0.056250 0.093750
0 0.153906 0.711458 0.154688 0.139583
0 0.576562 0.542708 0.184375 0.206250
0 0.712500 0.775000 0.112500 0.179167
0 0.133594 0.465625 0.132812 0.189583
0 0.260937 0.093750 0.187500 0.183333
0 0.564844 0.372917 0.154688 0.137500
0 0.442188 0.926042 0.134375 0.147917
0 0.034375 0.397917 0.065625 0.254167
0 0.453906 0.564583 0.120313 0.191667
0 0.955469 0.135417 0.089063 0.141667
0 0.300000 0.913542 0.128125 0.160417
