1 0.285156 0.822917 0.323437 0.329167
0 0.558594 0.068750 0.126562 0.133333
0 0.941406 0.111458 0.117188 0.152083
0 0.767188 0.692708 0.115625 0.185417
0 0.699219 0.700000 0.089063 0.179167
0 0.063281 0.240625 0.123438 0.272917
0 0.331250 0.056250 0.150000 0.104167
0 0.332031 0.437500 0.120313 0.183333
0 0.471875 0.475000 0.096875 0.150000
0 0.067187 0.651042 0.087500 0.160417
0 0.025000 0.593750 0.046875 0.183333
0 0.055469 0.881250 0.104688 0.216667
0 0.613281 0.853125 0.164062 0.181250
0 0.768750 0.926042 0.112500 0.147917
0 0.625781 0.180208 0.139063 0.206250
0 0.492969 0.233333 0.104688 0.150000
0 0.815625 0.540625 0.159375 0.172917
0 0.792188 0.069792 0.175000 0.135417
